6.1815e-02
-6.3598e-02
-5.1088e-02
5.6340e-02
-4.0403e-02
1.0236e-01
-8.5593e-02
6.1158e-02
-9.2237e-02
-9.0559e-02
7.7819e-02
-6.2051e-02
-1.0504e-01
-4.7725e-02
-6.5352e-02
5.5634e-02
-8.3911e-02
9.6839e-02
3.9685e-02
2.7315e-03
-8.6652e-02
-8.2451e-02
-6.6079e-02
6.1649e-02
2.4008e-02
-3.1911e-02
6.9239e-02
-3.9409e-02
-8.8642e-02
-9.9945e-02
-3.2199e-02
3.3765e-02
-5.0612e-02
-6.5159e-02
4.9569e-03
8.5603e-02
4.4570e-02
6.8230e-02
-7.9628e-02
-1.8689e-03
2.8358e-02
8.1827e-02
7.1108e-02
7.5759e-03
8.5092e-02
7.9851e-02
-5.9013e-02
6.1003e-02
-8.9924e-03
-2.1348e-02
9.8305e-02
5.6142e-02
-7.8356e-02
9.7380e-02
-5.7241e-02
9.6296e-02
7.7702e-02
7.2616e-02
8.3648e-02
9.8364e-02
-4.8952e-02
-5.9653e-03
9.1795e-02
-4.3273e-02
-3.0277e-02
-8.2699e-02
-6.1935e-02
-2.5512e-02
1.7419e-02
6.7974e-02
-9.2355e-02
-6.7197e-02
-7.6573e-03
4.5097e-02
-2.3588e-02
1.0261e-01
9.3595e-02
-7.5608e-03
-2.7184e-02
6.4273e-02
-7.9672e-02
1.9346e-02
-8.4551e-02
-5.0822e-02
4.1357e-02
-8.3744e-02
-5.5735e-02
-1.0566e-02
4.2595e-02
4.0909e-02
-4.3025e-02
7.8659e-02
-6.4837e-02
3.2685e-02
-5.0208e-02
2.8718e-02
8.2223e-02
-9.2044e-02
-1.6485e-02
-1.3258e-02
3.5882e-02
-5.3119e-02
5.3133e-02
8.1674e-02
9.1286e-02
4.7351e-02
-5.0745e-02
-8.1751e-02
-3.1899e-02
-3.6621e-02
-8.9196e-02
9.4124e-03
3.3492e-02
8.4889e-02
-8.9021e-02
2.4098e-02
-8.1400e-02
-7.9423e-02
3.6185e-02
9.7183e-02
-5.5415e-02
-1.8746e-02
-6.4023e-02
6.9836e-02
-8.0670e-02
1.6786e-02
-4.4966e-02
-9.2295e-02
-9.6857e-03
6.6100e-02
-4.9526e-02
7.6538e-02
-2.4306e-02
2.8119e-02
7.9372e-02
7.9978e-02
-1.0044e-01
-5.9438e-02
-8.6340e-02
-4.4401e-03
2.7354e-02
6.1782e-03
-6.6439e-02
-6.5991e-02
-7.6615e-02
-2.7758e-02
-5.5249e-02
2.8395e-03
-6.4593e-02
-3.6568e-02
4.8190e-02
-4.5884e-02
3.4792e-02
1.4814e-03
-1.1998e-02
8.0712e-02
-9.4979e-02
-8.3052e-02
5.0528e-02
-4.4779e-02
7.8377e-02
4.5107e-02
3.0095e-02
6.8883e-02
-1.4728e-02
-1.1366e-02
5.7377e-02
-6.8929e-02
1.0374e-01
-7.5822e-02
-7.4078e-02
-2.7212e-02
-6.8840e-02
-1.0699e-02
-9.0690e-02
-5.4225e-02
-1.1205e-02
-8.1321e-02
-5.6847e-02
-3.2722e-02
-1.0178e-01
1.1579e-02
3.5174e-02
-1.4987e-02
5.3752e-02
5.1896e-02
5.2400e-03
-7.1731e-02
2.3010e-02
-8.5863e-02
3.4259e-02
-4.6090e-02
7.5916e-02
-7.4452e-02
4.0283e-02
4.1259e-02
6.6719e-02
4.1250e-02
-1.7563e-02
-4.2441e-02
-8.9091e-02
-1.8684e-02
3.4784e-02
-9.0570e-02
3.0773e-02
-1.6146e-02
-3.3842e-02
-5.6489e-02
4.8109e-03
-9.9891e-02
-1.2637e-02
9.5727e-02
9.7863e-02
-3.4809e-02
3.9338e-02
-6.6147e-03
4.1711e-02
-9.3960e-02
-2.6235e-02
3.7968e-02
8.9963e-02
-6.1702e-02
-5.8093e-02
-8.6973e-02
-6.5436e-02
8.6063e-02
-6.9600e-02
5.3958e-02
-5.9479e-02
7.2426e-03
-2.5432e-02
-8.6439e-02
1.6574e-02
-1.0284e-02
2.4154e-02
6.4204e-02
-1.1751e-02
9.9843e-02
2.5612e-02
-3.9549e-02
4.2940e-02
-9.3459e-02
5.5960e-02
6.3544e-02
8.2521e-02
6.7053e-02
-7.6742e-02
-3.7653e-02
-7.1614e-02
-7.8987e-02
-1.0016e-01
4.7883e-02
7.4959e-02
6.8098e-02
7.9102e-03
8.8882e-02
5.2491e-02
-3.9347e-02
-1.9965e-02
-1.0149e-01
6.9479e-03
-3.4312e-02
-3.5337e-02
-6.2795e-02
2.4953e-02
-4.4086e-02
-6.1944e-03
9.3093e-02
-9.6390e-02
5.8791e-02
-1.6728e-03
-4.7461e-02
-8.3361e-02
2.8326e-03
6.7655e-02
-6.6110e-02
-3.3869e-02
-6.3990e-03
5.5236e-02
6.0312e-02
-4.5277e-02
-8.5053e-02
6.4297e-02
5.2389e-02
5.5368e-02
-6.8267e-02
2.9201e-04
1.9454e-02
-1.1204e-01
-2.1440e-02
-4.2104e-02
-7.8744e-02
-2.1428e-03
3.5790e-02
6.9415e-02
-7.5111e-02
-4.7472e-02
2.0291e-02
6.0231e-02
-3.1219e-03
-1.0242e-01
-7.8856e-02
-4.3953e-02
4.9034e-02
-1.1123e-01
1.9878e-02
1.8504e-02
2.1627e-02
-4.8736e-02
-5.7489e-02
-8.8542e-02
3.9624e-02
-2.7562e-02
-7.7018e-02
-9.4747e-02
-8.6386e-02
-6.1326e-02
-8.6380e-02
9.5090e-02
9.7953e-02
8.8552e-02
-5.5054e-02
-2.4112e-03
2.2403e-02
8.7110e-02
9.6163e-02
8.0029e-02
4.6545e-02
-6.4865e-02
-4.7520e-02
2.5571e-03
6.1833e-02
5.6524e-02
-5.7624e-02
-8.8008e-04
-2.5205e-03
4.8412e-02
-7.1052e-02
9.5466e-02
-4.0657e-02
-7.1237e-02
1.0309e-01
6.4700e-02
7.3564e-02
9.6800e-02
-9.3367e-02
1.0677e-02
1.3244e-03
3.9445e-02
4.2476e-02
-1.0661e-03
1.6797e-02
-4.3183e-04
-1.1153e-02
7.6442e-02
-3.0995e-02
-8.4505e-02
5.9681e-02
-1.8974e-02
1.6973e-02
1.0139e-01
-8.5463e-03
-8.3369e-02
-1.7497e-02
-7.5200e-02
4.9491e-03
5.7987e-02
7.4469e-02
5.3570e-03
6.6834e-02
7.3463e-02
8.5182e-02
1.1263e-02
-4.5720e-02
4.0376e-02
3.7983e-02
-1.8613e-03
-6.6224e-02
5.3852e-02
-9.4591e-02
-2.3269e-02
-1.0055e-01
-1.9243e-02
-8.2985e-02
-8.6343e-02
7.9851e-02
9.0295e-02
3.4432e-02
-3.3547e-02
-5.9176e-03
-2.6035e-02
2.8686e-02
-4.4151e-02
-8.1198e-02
-4.2039e-02
-4.9171e-02
9.8567e-02
-7.9683e-02
-6.7761e-02
-9.7605e-03
-5.4055e-02
-6.7984e-02
1.6076e-02
-1.6529e-02
1.2749e-02
-9.4440e-02
5.2263e-02
9.3852e-02
5.3076e-02
-9.0187e-02
-1.1115e-02
-8.9227e-02
-1.8645e-02
-2.4129e-02
6.8725e-02
7.0626e-02
-7.8110e-02
9.0441e-02
9.9299e-02
-3.3336e-02
6.7569e-02
-4.7674e-02
1.0120e-01
-7.8606e-02
-8.7066e-02
5.7550e-03
6.5259e-02
-2.8742e-02
-8.2945e-02
-9.6073e-02
5.2837e-02
2.2593e-02
-5.8190e-03
-2.8688e-02
-7.5649e-02
-8.1650e-02
5.2550e-02
-3.5830e-02
-1.2000e-01
-9.7451e-02
-1.4566e-02
8.3264e-02
-1.0076e-01
5.6619e-02
-6.5464e-02
-5.7873e-02
6.5914e-02
-7.9217e-02
1.5320e-02
1.3898e-02
-4.9912e-02
3.9254e-02
-5.7037e-02
-6.3281e-03
2.0420e-03
4.0528e-02
-5.5620e-02
5.1437e-02
9.4790e-02
-5.1503e-02
1.0654e-02
9.1989e-02
8.3878e-02
6.8681e-02
-9.6762e-02
5.5208e-04
-4.1655e-02
4.6659e-02
-8.0536e-03
-6.1230e-02
6.6416e-02
3.3786e-02
7.9206e-02
1.1059e-01
9.5414e-02
2.1409e-02
-2.6932e-02
-3.9184e-02
2.1470e-02
-4.4392e-02
6.9691e-02
-7.0025e-02
8.8613e-03
-5.8706e-02
2.0654e-02
9.7665e-02
-1.2899e-04
-5.4115e-02
5.3191e-02
3.0985e-02
-3.7397e-02
4.7408e-02
6.8534e-02
3.3551e-02
-6.4474e-02
7.6872e-02
2.8241e-03
3.6690e-02
-2.8073e-02
5.4757e-02
4.7411e-02
-8.9045e-02
6.5720e-02
-8.8596e-03
3.9905e-02
3.8807e-03
-7.9594e-02
5.6861e-02
1.0506e-01
-7.8437e-02
-4.9373e-02
-2.4683e-03
1.8586e-02
-1.0199e-01
5.3469e-02
-1.1248e-02
-6.3685e-02
-7.5121e-02
2.6938e-03
-3.3521e-02
5.4659e-02
-4.5750e-02
1.9725e-02
-8.3361e-02
-1.5833e-03
9.5109e-02
-2.6684e-02
9.1547e-02
-4.2547e-02
8.8789e-02
8.9443e-02
5.0070e-03
3.1433e-02
-1.7705e-02
-5.4168e-02
-3.6847e-02
2.9342e-02
8.2065e-02
2.6663e-02
1.6131e-02
-4.7103e-02
-1.4122e-02
-7.9855e-03
-6.7893e-02
2.8831e-02
-8.8349e-02
2.2139e-02
9.3548e-02
-2.3857e-03
-4.5586e-03
-8.8370e-02
6.9069e-02
7.4653e-03
3.2088e-02
-7.3902e-02
-8.5520e-02
3.6242e-02
8.4865e-03
-4.0374e-02
-7.2278e-02
7.0825e-02
5.1242e-04
-8.7883e-02
-5.9553e-02
-5.1643e-02
7.4586e-02
5.3205e-02
3.5847e-03
3.0464e-02
-2.0188e-02
-8.9664e-02
4.6125e-02
6.7307e-02
9.7824e-02
7.9025e-03
1.1881e-02
8.5551e-02
-3.5419e-02
9.3586e-02
8.6472e-03
9.6779e-02
9.8104e-02
-4.7458e-02
-2.2226e-02
9.1996e-02
-2.6386e-02
5.9954e-03
3.3703e-02
5.1883e-02
8.7016e-02
-9.5493e-02
6.3863e-03
-5.4905e-02
-5.5946e-02
-4.9558e-02
-7.4536e-02
-7.7225e-03
3.6160e-02
7.5782e-02
1.5459e-02
-5.5775e-02
-6.7786e-02
6.2297e-02
-6.7344e-02
-2.5195e-02
-3.6230e-02
7.9498e-02
-6.5152e-02
4.3788e-02
-1.0073e-01
3.3744e-02
9.4315e-02
-7.2440e-02
-5.8446e-02
4.0389e-02
-9.1424e-02
8.0970e-02
-8.3403e-02
-2.5678e-02
1.2939e-02
8.7168e-02
-1.2528e-02
-2.6340e-02
6.6930e-02
8.5198e-02
8.3582e-02
-1.2689e-02
-8.1121e-02
8.2162e-02
-8.6870e-02
-7.9223e-02
-4.3500e-02
5.2083e-03
-6.2627e-02
-6.1805e-02
2.8011e-02
-1.8895e-02
-7.9924e-02
3.8103e-03
-2.8383e-02
9.5266e-02
-3.2660e-02
1.4764e-02
-7.3376e-02
-1.6809e-02
-8.5467e-02
2.5693e-02
8.5757e-02
3.1166e-02
-8.8478e-02
-4.6612e-03
-1.0467e-02
7.0725e-02
1.7385e-02
-2.7257e-02
-2.0901e-02
-1.4992e-02
9.5437e-02
9.4773e-02
3.1382e-02
-2.3682e-02
4.0745e-02
6.7417e-02
3.1681e-03
-8.9138e-02
7.3455e-02
-2.7517e-04
-2.7918e-02
-7.5153e-02
7.7097e-02
-6.9112e-02
7.8554e-02
4.0346e-02
-2.2816e-02
3.8970e-02
1.6731e-02
9.2526e-02
-7.0375e-03
5.4997e-02
9.7292e-03
1.3422e-02
2.9068e-02
-1.7012e-02
3.0195e-03
-1.9144e-02
-9.9586e-02
8.3921e-02
-3.9008e-02
-7.6008e-02
8.0587e-03
-7.3581e-02
-4.4624e-02
4.6321e-02
-8.3576e-02
-6.0480e-02
-7.7283e-02
-7.1297e-03
2.0120e-02
2.1396e-02
1.9713e-02
1.0185e-01
-3.4636e-02
-5.5231e-02
1.0421e-02
7.4893e-02
-3.7187e-02
4.3839e-02
8.6420e-02
-8.6869e-03
3.6556e-02
8.0654e-02
-9.5506e-02
1.0634e-02
-5.4436e-02
8.1442e-02
-7.4794e-04
-4.2371e-02
-6.5541e-02
-5.7788e-02
4.9362e-02
5.0785e-02
1.1515e-02
5.3353e-02
7.6339e-02
-7.6574e-02
-9.9323e-02
-1.8700e-02
-1.1390e-02
7.1227e-02
6.8996e-02
1.0288e-01
7.4942e-02
-5.5133e-02
5.4317e-03
-4.8571e-02
6.8933e-02
7.7944e-02
-6.8408e-02
-3.2389e-02
3.3019e-02
5.4690e-02
9.5812e-02
6.2001e-02
-9.2712e-02
8.6819e-02
-9.2155e-02
-1.0818e-01
-5.8376e-02
7.9942e-02
1.8035e-02
-1.2252e-02
6.4147e-02
-4.4397e-02
9.3104e-02
-5.4079e-02
-3.7934e-02
5.0493e-02
9.7460e-02
-4.7717e-02
-8.5735e-02
3.1251e-02
-4.2178e-02
2.7560e-02
-1.4537e-02
9.3014e-02
-2.1123e-02
-2.0560e-02
7.9846e-02
6.3499e-02
6.0039e-02
-2.5221e-02
-9.6314e-02
1.4781e-02
-8.1746e-02
7.6227e-02
5.8126e-02
8.4078e-02
3.6262e-02
8.5681e-02
4.6603e-02
7.6602e-04
9.9985e-02
-1.8888e-02
-9.7084e-02
4.0208e-03
5.8061e-03
-8.7983e-02
5.4552e-03
1.4007e-02
3.2238e-02
-1.0143e-01
-1.9867e-02
5.2481e-03
-9.1221e-02
4.2014e-02
9.0876e-02
1.6109e-02
-1.2527e-02
6.4357e-02
-3.9582e-02
4.7525e-02
-7.8094e-02
-9.6746e-02
-5.1156e-02
9.5119e-02
-1.7470e-02
-7.8445e-02
-7.7569e-02
-1.1151e-01
-4.2471e-02
1.9444e-02
8.5548e-02
7.2844e-02
-1.3991e-03
-4.3554e-02
-5.1309e-02
-3.2842e-02
-6.5333e-02
-9.0506e-02
4.3728e-02
-6.0112e-02
8.7128e-02
8.7897e-02
4.7211e-02
-9.7462e-02
9.9519e-02
1.0944e-02
-4.0871e-02
-4.0922e-02
-1.0067e-01
-5.4551e-02
5.8495e-02
-8.7263e-04
8.0393e-02
-3.4439e-02
-9.8012e-02
3.3387e-02
-7.9576e-02
6.7262e-02
-8.0484e-02
-3.7499e-02
5.8670e-02
6.1103e-02
-3.1061e-02
7.4892e-02
-8.1651e-02
4.3824e-02
-7.2741e-02
-1.4976e-04
2.2660e-02
5.4999e-02
3.0997e-02
8.5844e-02
1.0402e-01
3.4072e-02
-2.8887e-02
8.4146e-02
2.7843e-03
-2.1340e-02
1.0542e-01
9.6891e-02
4.1560e-02
-9.6932e-02
-8.7667e-02
-7.5734e-02
-8.4489e-02
-7.4158e-02
-7.7257e-02
4.8288e-03
-3.5300e-02
1.0261e-02
-5.3238e-02
3.9409e-03
-5.6996e-03
-6.7533e-03
-6.7474e-02
-3.7952e-03
4.4744e-02
7.0294e-02
-6.1943e-02
3.3065e-02
-5.4670e-02
-8.1365e-02
-3.4674e-02
8.1829e-02
-2.6344e-02
-1.1027e-01
-2.8176e-02
-2.3589e-02
-3.7806e-02
4.5653e-03
5.1276e-02
-6.0911e-02
2.9897e-02
6.4943e-02
5.6984e-02
-3.6827e-02
-9.6492e-02
-6.4520e-02
5.0356e-02
9.2363e-02
-7.3022e-02
-8.7385e-02
1.1474e-02
1.1768e-02
3.0284e-02
1.2771e-02
-8.9700e-02
-5.9843e-02
-4.0739e-02
5.8279e-02
6.7089e-02
2.5133e-02
-6.7718e-02
4.9596e-02
9.5003e-02
2.6738e-03
-1.2200e-02
-5.7338e-02
-9.7755e-02
-8.7995e-03
-7.0738e-02
-2.6539e-03
-7.3085e-02
-8.3423e-02
-3.4474e-02
-9.3869e-02
5.9597e-02
-6.1837e-02
-3.2719e-02
-7.2124e-02
6.7784e-02
3.3906e-02
5.5041e-02
-8.1657e-02
4.7182e-02
-6.1479e-02
3.3624e-03
-3.2280e-02
9.9949e-02
4.7365e-02
-1.1288e-02
-9.1296e-02
-6.2818e-02
5.2398e-02
5.7499e-02
1.6142e-02
-1.0136e-01
-6.6659e-02
5.7856e-02
-6.1522e-02
5.7256e-02
-2.8456e-02
-7.7947e-02
3.0892e-02
4.0454e-02
-8.3613e-02
-8.1490e-02
-2.0089e-02
-9.3944e-02
4.9694e-02
5.8116e-02
-6.4321e-03
1.9860e-03
-2.9068e-02
4.2012e-02
8.7959e-02
-2.2607e-02
3.4858e-02
-3.3726e-02
2.0803e-02
7.4036e-02
-3.3726e-02
-7.0674e-02
-8.1316e-02
8.7321e-02
-6.8819e-02
-8.0826e-02
7.1818e-03
8.7418e-02
1.0041e-01
-6.8562e-03
-6.4192e-02
3.1679e-02
3.7489e-02
2.3658e-02
2.7147e-02
7.5440e-02
3.1799e-02
1.8651e-02
8.2031e-02
-6.5643e-02
-6.6510e-02
-1.4450e-02
4.2520e-02
-7.5572e-03
9.2695e-02
7.8117e-02
-6.8070e-02
-7.5440e-02
5.6299e-02
1.1917e-02
-2.1911e-02
7.7384e-02
3.5657e-02
-7.8902e-02
9.4629e-02
-5.0951e-02
1.3734e-02
-1.5790e-06
-6.5850e-02
-1.0414e-02
-3.9543e-02
-8.6136e-02
-5.3238e-02
7.3036e-02
7.8137e-02
-2.6226e-02
-2.4861e-02
-1.6152e-02
5.5280e-02
8.6945e-02
-1.0111e-01
-5.9134e-02
1.2458e-03
8.1782e-02
-8.5375e-02
-6.2010e-02
1.1199e-02
-7.1139e-02
-6.3937e-02
-3.3152e-02
-4.7460e-02
4.4035e-02
-3.0216e-02
8.5065e-02
9.5015e-02
-9.3032e-02
2.3916e-02
4.7109e-02
8.3871e-02
-6.6373e-02
-4.6521e-02
9.1028e-02
2.2223e-02
-7.5632e-02
1.3736e-03
5.2045e-02
6.1963e-02
-1.4931e-02
9.3154e-02
1.9263e-02
3.9563e-02
8.8087e-02
-7.9855e-02
6.6979e-02
2.4641e-03
8.7762e-02
7.1631e-02
-6.4072e-03
1.3091e-02
9.7427e-03
-9.8050e-02
8.4649e-02
-5.5971e-02
5.4357e-02
-2.2813e-02
5.8968e-02
1.7377e-02
-8.5266e-02
-8.8400e-02
1.0384e-01
-9.0661e-02
2.5008e-02
2.7630e-03
-2.6930e-02
2.1975e-02
-5.9757e-02
-8.0549e-02
4.8820e-02
-2.8147e-03
-1.8202e-02
-7.5906e-02
3.2611e-02
4.4227e-02
-6.3002e-02
-5.3686e-02
-1.5196e-03
-1.0540e-01
-2.5754e-02
-5.4145e-02
7.9886e-02
8.7848e-02
-8.4374e-02
-1.0060e-01
3.6556e-02
-9.9591e-02
4.2363e-02
-5.8980e-02
-7.5427e-03
-1.4145e-02
3.0813e-04
2.5488e-03
8.6085e-02
1.9750e-02
-2.6155e-02
1.0057e-01
5.2062e-02
4.0254e-02
-6.4434e-02
-5.1584e-02
-9.7963e-02
1.1826e-02
-9.5398e-02
-7.0207e-02
-9.6542e-02
-8.4195e-02
-4.7018e-04
6.6795e-03
3.2915e-02
-8.9462e-02
-5.8417e-02
-2.5501e-02
9.3344e-02
-6.9153e-02
5.4271e-02
2.2047e-02
6.5771e-02
2.8668e-02
4.8963e-02
1.9427e-02
9.2488e-02
-1.7090e-02
5.0450e-02
3.1522e-02
5.9833e-02
6.1702e-02
-3.3576e-02
8.6550e-04
6.4839e-02
-2.8489e-02
-4.3262e-02
-6.5671e-02
-2.3015e-02
-2.1446e-02
-6.1590e-02
-2.8705e-02
7.3113e-03
-8.6553e-02
3.7702e-02
-8.0910e-02
1.3979e-02
9.8913e-02
-6.5261e-02
-4.7082e-02
-6.1380e-02
6.6658e-02
3.0196e-02
-9.0127e-02
8.4763e-02
-4.9766e-02
3.1449e-02
8.7998e-02
7.2014e-03
-4.8135e-02
5.7519e-02
-9.7651e-03
8.6040e-02
2.8277e-02
-4.1085e-02
-6.2461e-02
-3.4284e-02
4.1012e-02
-9.1898e-02
8.2067e-02
-1.0068e-02
-6.0208e-02
2.1481e-02
-5.2773e-02
3.0130e-02
3.1940e-02
2.0374e-02
-6.1277e-02
6.5322e-02
-7.7320e-02
-7.2966e-02
-1.6844e-02
6.3001e-02
-7.4268e-02
7.4212e-03
-6.1202e-02
-5.0671e-02
6.3641e-03
1.0074e-01
2.2824e-02
3.5226e-02
4.7539e-02
-5.2005e-02
-2.2804e-02
6.2278e-04
8.6027e-02
-6.3964e-02
-4.7101e-02
-3.4356e-02
7.5543e-02
-2.1238e-02
1.4048e-02
4.2482e-02
-9.0827e-02
9.1069e-02
-8.9749e-02
1.6504e-02
-3.1729e-02
-4.7927e-02
-5.4773e-02
-4.2869e-03
-7.9684e-02
-9.8609e-02
2.7689e-02
8.8710e-02
-5.3651e-02
8.8380e-02
1.3323e-02
8.2316e-02
5.2485e-02
-4.3235e-02
1.0367e-01
-9.2935e-02
6.1159e-03
8.0873e-02
3.2331e-02
3.1005e-02
-6.9616e-02
1.4278e-02
6.9993e-02
2.2510e-02
8.5371e-02
-5.6469e-02
1.0597e-03
3.1674e-03
9.8613e-02
-9.2365e-02
-4.1131e-03
-4.1446e-02
-2.3712e-02
3.9682e-02
-8.5842e-02
2.7449e-02
7.4601e-02
-9.1674e-02
8.6397e-02
3.7450e-02
-1.4628e-02
-1.0016e-02
-7.2856e-02
1.0733e-01
1.1208e-01
-4.2403e-02
-1.2280e-02
8.4303e-02
-3.0916e-02
-3.6350e-02
1.0967e-02
-3.8927e-02
4.7532e-02
2.4872e-03
7.1446e-02
-1.8945e-02
8.8905e-02
-4.7194e-02
4.1457e-02
8.8569e-02
-5.8020e-02
1.1484e-01
-1.1493e-02
7.9824e-02
5.7656e-02
-7.1053e-02
4.7365e-03
-9.4224e-02
-6.2133e-02
-3.8619e-02
3.4259e-02
1.5930e-02
-3.2902e-02
7.4964e-02
-1.0121e-01
-5.9900e-03
-6.7341e-03
-9.8039e-02
2.2529e-02
2.2497e-02
-3.5390e-03
-8.7868e-02
6.6714e-02
-9.3459e-02
5.0440e-02
-8.0798e-02
-9.8903e-02
-7.3758e-02
-1.2982e-02
-9.7682e-02
-2.7765e-03
8.8146e-02
7.6034e-03
4.2663e-02
3.9115e-02
2.8404e-02
-4.5709e-02
-9.3443e-03
-3.5478e-02
-7.8381e-02
6.5483e-02
-1.1360e-02
-2.1867e-02
-3.3806e-02
-4.7931e-02
-8.8467e-02
1.5809e-02
1.8126e-02
-4.4476e-02
6.4285e-02
5.0134e-02
-1.1613e-01
4.1589e-02
-1.1402e-01
3.7164e-02
-6.6459e-03
-7.6992e-03
-5.3281e-02
8.7615e-02
9.0533e-03
9.9288e-03
-7.6119e-02
-3.4759e-02
3.3721e-02
-3.7430e-02
-1.3441e-02
3.8955e-04
4.4345e-02
-9.3311e-02
-2.4834e-02
-6.1183e-02
-9.1436e-02
7.1683e-02
3.8852e-02
-4.7250e-02
3.2886e-02
1.4043e-02
-1.5944e-02
3.5567e-02
-4.9663e-03
4.8255e-02
4.3042e-02
-7.0852e-02
-9.3020e-02
8.2865e-02
1.6653e-02
-2.9139e-02
4.7921e-02
-9.8363e-02
-4.4449e-02
-4.3155e-02
4.2899e-02
-1.2086e-01
-6.1188e-02
-4.5347e-02
-8.3674e-02
1.7283e-02
7.2859e-02
3.3500e-02
-9.5154e-02
2.7957e-04
-6.7305e-02
3.4349e-02
-9.9011e-02
-6.3677e-02
-1.3211e-02
3.7649e-02
2.4612e-02
7.9719e-02
5.0215e-03
3.9308e-02
4.0119e-02
-4.0859e-02
2.3316e-02
-7.0631e-02
2.9307e-02
7.3563e-02
-8.5740e-02
1.4157e-02
7.6037e-02
4.2723e-02
2.9666e-02
-3.3024e-02
4.0618e-02
4.1416e-02
1.0022e-01
-3.7028e-02
-2.4990e-02
-1.6831e-02
-4.2788e-02
-3.3869e-02
6.7103e-02
1.6116e-02
7.0946e-03
3.6387e-02
-8.9667e-02
-3.9742e-02
-2.5234e-02
1.9295e-02
8.3326e-02
5.0861e-02
9.8058e-02
2.8277e-02
-1.9380e-02
-7.8733e-02
-2.5720e-02
-8.0121e-02
-6.4374e-02
-9.2315e-02
8.8912e-02
-2.2980e-02
-8.5396e-02
-5.7142e-02
-5.1496e-02
-1.1358e-02
-4.7987e-02
-3.3344e-02
3.8940e-02
4.4764e-02
3.5135e-02
-5.5245e-02
-1.6817e-02
-6.2387e-02
-7.5626e-02
1.4986e-02
2.9270e-02
-4.3557e-02
3.0431e-02
8.9588e-02
1.0194e-01
3.5961e-02
-7.9646e-02
7.2166e-03
-6.1431e-02
2.4108e-03
9.8535e-02
-2.9449e-02
-1.8226e-02
-7.7320e-03
-1.1522e-02
-2.7936e-02
1.7083e-02
-4.4016e-02
-7.1202e-02
5.2168e-02
-7.5823e-02
-4.6912e-02
-9.0347e-02
1.3452e-02
3.9688e-02
5.4239e-02
5.7010e-02
-6.4302e-02
-7.7480e-02
2.9604e-02
-1.7780e-02
7.9926e-02
3.8313e-02
1.3492e-02
7.8831e-02
2.5909e-02
9.3684e-02
5.0108e-02
4.7717e-04
-2.3775e-02
4.1307e-02
-6.3084e-02
-6.6152e-02
9.6237e-02
-2.7004e-02
-3.2311e-03
8.8513e-02
8.5673e-02
3.4113e-02
-9.1740e-02
8.7450e-02
9.2159e-02
-8.5623e-02
4.1571e-02
-3.1708e-02
3.5678e-02
-8.5250e-02
3.7070e-04
-6.6820e-02
2.2783e-02
-9.9206e-02
-7.7443e-02
8.5045e-02
-5.4267e-02
3.2892e-02
6.1800e-02
-3.0534e-02
3.3343e-02
1.5417e-03
5.4312e-02
-2.6132e-02
-6.0555e-02
1.3638e-03
8.3711e-02
-4.9765e-02
9.3530e-02
-3.6495e-02
-3.2043e-02
-7.5964e-02
-5.0716e-02
-7.6456e-02
-2.1446e-02
5.1578e-02
3.3618e-02
-9.2117e-02
1.9030e-02
8.9690e-02
8.8797e-02
-4.4219e-02
9.2227e-02
-5.3386e-02
8.2715e-02
6.5899e-02
6.4937e-02
-9.2600e-02
-9.2472e-02
-7.0960e-02
-5.3679e-02
4.9238e-02
7.5354e-03
8.8032e-02
-1.2540e-03
-6.3623e-02
-4.3561e-02
-2.3257e-02
8.0874e-02
3.9609e-03
1.1051e-02
-9.4983e-03
5.8901e-03
5.9874e-02
7.1805e-02
-4.1165e-02
-4.5268e-02
3.8334e-03
-1.2811e-02
-6.5924e-02
5.2846e-02
-2.5290e-02
7.2634e-02
-5.4837e-02
3.5413e-04
-9.0552e-02
2.6615e-02
7.0153e-02
-6.4063e-03
2.3025e-02
5.6211e-02
8.9812e-02
-8.9140e-02
5.9365e-02
8.9133e-03
2.8315e-02
7.2640e-02
-2.8763e-02
4.4376e-02
1.3772e-03
-1.9844e-02
-1.2756e-02
-8.7114e-02
-4.0123e-02
2.6486e-02
-3.3580e-02
9.7125e-02
5.4135e-02
-2.5186e-02
6.9243e-02
-4.9338e-02
2.4997e-02
-4.0696e-02
-9.7567e-02
8.7102e-02
5.3363e-02
7.9674e-02
-2.4879e-02
-7.2039e-02
-6.1401e-02
3.5528e-03
9.7686e-02
-9.7663e-02
6.5735e-02
1.9756e-02
9.4963e-02
-9.8840e-02
6.3622e-02
-1.2484e-02
7.5217e-02
6.5500e-02
3.8720e-02
-1.0849e-02
5.9596e-02
9.6915e-02
3.1007e-02
8.9742e-02
7.5382e-02
-1.3703e-02
1.5520e-02
-4.2397e-02
-8.8892e-02
-1.1440e-02
2.4829e-02
-9.6337e-03
-7.2156e-02
-9.6151e-02
-6.7424e-02
3.6844e-03
4.7073e-02
-4.0690e-02
8.1407e-02
1.2419e-02
7.4436e-02
-7.9261e-02
3.9554e-02
8.9737e-02
6.0585e-02
-7.7516e-02
2.5959e-02
6.9611e-02
9.4111e-02
-6.3593e-02
8.2373e-03
1.1658e-03
-3.5322e-02
-2.6304e-02
-9.3729e-02
-8.5792e-02
-6.8491e-02
-9.5152e-02
8.4650e-02
1.5381e-02
-8.7703e-02
-1.5712e-02
-8.1834e-02
4.2928e-02
-8.5704e-02
8.0495e-02
-2.1752e-02
-9.0536e-02
-5.8429e-02
9.1204e-03
-1.7401e-02
-6.6742e-02
8.4365e-02
2.4170e-02
-8.4212e-02
-4.3335e-02
-1.4862e-02
-3.4581e-02
9.0473e-02
3.0302e-02
9.2957e-02
4.7317e-02
-5.4301e-02
4.2265e-02
5.7606e-02
4.1577e-02
3.8457e-02
-6.1083e-02
7.6932e-02
-4.2564e-02
-2.2017e-02
2.8720e-02
2.3978e-02
8.4210e-03
-2.6138e-02
-6.0484e-03
-3.7065e-02
3.9765e-02
-4.9840e-02
8.4664e-02
-1.1794e-02
-2.2502e-02
6.9165e-02
-6.2569e-02
-2.4930e-02
-4.4272e-03
-3.3813e-02
-7.2840e-02
5.4176e-02
-5.6764e-03
4.5120e-02
-2.4103e-03
9.0205e-04
-8.1955e-02
-1.1841e-03
5.4237e-02
8.1656e-02
8.4089e-02
2.7934e-02
7.5134e-02
6.5510e-02
4.6942e-02
-4.4325e-02
-6.8912e-02
-8.6747e-02
8.1321e-02
-1.1003e-01
-2.4421e-02
-7.7753e-02
-4.2579e-02
8.8035e-02
-2.9607e-02
-3.3350e-02
6.4927e-02
-4.9404e-02
-6.3898e-02
-2.3806e-02
-9.7166e-02
9.0599e-02
1.9636e-02
7.1056e-04
-1.5346e-02
2.8435e-03
-8.9516e-02
-3.8859e-04
4.6656e-02
-8.0791e-02
-4.6894e-02
8.2475e-02
5.9754e-02
3.5438e-02
3.5590e-02
-8.9177e-02
2.5175e-02
1.0713e-03
-7.4348e-02
-6.8619e-02
-4.3369e-02
3.2305e-02
9.5441e-02
5.3265e-02
-3.5530e-02
-2.3309e-04
-3.7329e-02
2.8435e-02
-6.5202e-02
4.3676e-03
-3.9861e-02
-6.6803e-02
3.2904e-02
-5.9318e-02
1.7677e-02
7.9002e-02
2.0349e-02
5.9812e-02
-5.3242e-02
-3.2789e-02
5.6311e-02
1.9524e-02
9.8059e-03
-9.6872e-02
5.5654e-02
-2.8193e-03
-2.6630e-02
-6.2168e-03
-6.1466e-02
-2.0301e-02
6.8220e-02
-3.7186e-02
-3.6694e-02
6.7960e-02
-9.7353e-02
-1.6154e-02
-9.9374e-02
-8.1939e-02
8.6732e-02
-2.0193e-02
-8.8456e-02
2.9906e-02
-1.0384e-01
-3.3796e-02
-5.1366e-02
-7.4691e-02
8.8800e-02
1.0786e-01
1.0100e-01
-3.6608e-02
1.2020e-02
4.5824e-03
-9.0516e-03
-2.6322e-02
4.8493e-02
-5.4985e-02
-7.3365e-02
-4.6005e-02
1.2991e-02
7.6479e-02
2.3247e-02
-1.5887e-02
-4.6340e-02
-6.9328e-02
-2.9614e-02
5.4520e-02
-9.2548e-02
1.2587e-02
-8.3845e-02
-4.6662e-02
-9.7887e-02
2.7344e-02
-2.3924e-02
5.4002e-02
-1.1355e-01
7.6279e-02
-1.1950e-02
5.8186e-02
-1.1744e-01
2.8434e-02
-4.5088e-02
1.2824e-02
-8.4717e-02
-7.3791e-02
9.7191e-03
3.8233e-02
7.3534e-02
-6.4109e-02
-5.6511e-02
-5.3889e-02
-6.9400e-02
8.6820e-03
-6.2064e-02
-2.0748e-02
-4.1418e-02
1.8974e-02
-2.0568e-02
-5.8472e-02
6.1323e-02
1.0198e-01
4.4549e-02
-7.3890e-02
5.4359e-02
1.5037e-02
-4.3815e-02
-3.3183e-02
2.4123e-02
-1.1349e-02
5.2059e-02
-5.7093e-03
6.1981e-02
-9.9037e-03
2.7699e-02
3.2945e-02
-8.2749e-02
-7.3891e-02
6.4396e-02
-4.9267e-02
-1.2766e-02
-7.0701e-02
-5.1448e-02
5.4093e-02
4.0284e-02
2.8738e-02
6.7943e-02
-1.7563e-02
-8.5000e-02
6.4948e-03
3.1144e-02
1.0052e-01
-3.8506e-02
1.6700e-02
4.1333e-02
2.7109e-02
5.7813e-02
7.6562e-02
-2.1627e-02
-2.7530e-02
-1.0535e-02
-3.5643e-02
-4.0433e-02
-9.2053e-02
5.3235e-03
-5.6777e-02
6.5009e-02
-4.3756e-02
4.0825e-02
-8.6176e-03
4.4256e-02
9.6342e-03
-5.4187e-02
2.9263e-02
-8.2384e-02
8.4017e-02
-7.8683e-02
8.4384e-02
2.7006e-02
1.6628e-02
7.6696e-02
7.4214e-03
-5.2821e-02
6.7085e-02
-2.9270e-02
2.8688e-02
-5.1710e-02
4.8194e-03
-3.4617e-02
-6.7579e-02
-6.7678e-02
1.9558e-02
7.1298e-02
-7.1721e-02
7.9145e-02
-3.4808e-02
-5.0425e-02
-3.5800e-02
-5.0228e-02
8.3147e-02
-4.3267e-03
-9.3317e-02
-7.3855e-02
9.9989e-02
7.6185e-02
5.8072e-02
1.8612e-02
-2.9582e-02
-9.2746e-02
9.8084e-03
-6.2416e-02
-7.3102e-02
7.4017e-02
6.6012e-02
9.5098e-02
-8.5871e-02
-8.3683e-02
1.6814e-02
9.3527e-02
-1.6620e-03
-6.4823e-02
-9.2860e-02
-6.4973e-02
6.2538e-02
3.9048e-02
-9.8339e-02
-2.8233e-02
6.3985e-02
5.9119e-03
1.0076e-01
-4.5147e-02
4.0458e-02
1.3366e-02
-6.7885e-02
-1.0637e-01
2.9269e-02
6.7705e-03
5.9359e-02
-1.0420e-01
3.7711e-02
-7.5947e-02
-8.2265e-02
-3.4688e-02
2.4458e-02
3.3324e-03
-1.5059e-02
9.8031e-02
-9.0356e-02
7.1536e-02
9.3419e-03
-2.0875e-02
1.2632e-02
9.5430e-02
-4.0679e-02
4.6845e-02
9.5777e-02
7.5445e-02
8.2538e-02
-8.1878e-02
-2.6209e-02
-8.2270e-03
-1.9838e-02
-3.3202e-02
-2.0706e-02
5.2666e-02
-4.3752e-02
7.4940e-02
1.1752e-01
-3.8250e-02
9.7501e-02
4.5832e-02
-6.5226e-03
2.2573e-02
-2.4055e-02
3.2275e-02
-2.7750e-02
-9.0054e-02
5.3259e-05
9.4456e-03
5.6189e-02
-4.0370e-02
5.0321e-02
5.7525e-02
-8.2809e-02
5.6428e-02
7.0906e-04
1.0371e-01
-8.6886e-02
-2.2197e-02
2.3656e-02
3.9748e-02
8.4400e-02
4.6082e-02
1.0496e-01
-8.4699e-02
8.9190e-02
1.0386e-01
-7.7201e-02
9.1757e-02
8.9735e-02
-1.3075e-02
3.1392e-02
5.4769e-02
-2.9025e-02
1.5887e-02
-6.5603e-02
8.1217e-02
-9.5402e-02
2.0556e-02
-4.2284e-02
8.6096e-02
-2.6381e-02
1.0030e-02
7.4038e-02
-4.5926e-02
-2.4931e-02
1.3570e-02
-9.1318e-02
-3.4826e-02
-9.5658e-02
-2.4164e-02
-3.9667e-02
-4.5758e-02
-8.0459e-02
-1.3173e-02
9.5203e-02
-2.1767e-02
6.7434e-02
7.9052e-03
9.1743e-02
1.1539e-01
-7.6927e-02
7.3817e-02
-3.1997e-03
9.8623e-02
9.8492e-02
5.7543e-02
2.4606e-02
-4.9187e-02
9.5042e-03
-7.3367e-02
-7.3779e-02
2.6729e-02
3.7630e-03
-9.6984e-02
-3.4488e-02
6.8182e-02
6.3440e-02
-8.1350e-02
-2.4960e-03
-9.1110e-02
-3.3972e-02
-1.3933e-03
-8.4581e-02
9.3280e-02
8.8212e-02
2.7516e-02
3.5932e-03
-5.4345e-02
-1.6530e-02
8.9624e-02
1.0240e-01
-5.3688e-02
2.4789e-02
8.9870e-02
5.3536e-02
2.6236e-02
5.1942e-03
-8.8839e-02
9.2279e-02
5.0474e-02
-9.3057e-02
-7.7511e-02
3.5255e-02
-7.1712e-02
1.0353e-01
8.8254e-02
2.5089e-02
1.0848e-02
3.8172e-02
-2.1369e-02
-4.0272e-02
2.8305e-02
-7.1023e-02
3.5467e-02
1.5327e-03
4.1078e-02
-4.5412e-02
-4.4820e-02
2.7830e-02
-2.3336e-02
-8.7024e-02
-5.4387e-02
-9.3940e-02
4.8103e-02
4.5025e-02
8.6705e-02
-3.9562e-02
-7.6931e-02
-8.4437e-02
6.5742e-02
5.2893e-03
8.0827e-02
-3.9389e-02
-6.6443e-02
-1.8533e-02
4.9867e-02
7.3704e-02
-9.4215e-02
-3.8622e-02
-8.4120e-02
-5.6655e-02
-1.7531e-02
4.2613e-02
4.0354e-02
-4.4922e-03
-5.9871e-02
2.7373e-02
-6.7584e-02
8.1246e-02
6.5036e-02
7.9109e-03
-5.4510e-02
-1.4080e-02
8.4715e-03
-8.0507e-02
-4.8072e-02
-7.4884e-02
-6.4743e-02
-5.8494e-02
8.7923e-02
1.9457e-02
-6.1846e-02
4.9546e-02
-7.5743e-02
3.1163e-02
9.3110e-02
6.2199e-02
8.0500e-02
5.4223e-02
1.9540e-02
-7.8025e-02
-8.4037e-02
-9.3082e-02
8.8306e-03
9.1635e-02
9.5671e-02
1.0490e-01
1.0442e-02
8.9069e-02
-8.0583e-02
-8.0192e-02
1.4476e-02
8.7095e-02
-9.4915e-02
-2.1772e-02
-6.7421e-03
1.0230e-01
-5.4593e-02
1.9615e-02
-4.3962e-02
-8.5067e-02
-1.1129e-02
9.8600e-03
3.9608e-02
-9.9244e-02
-8.1677e-02
-3.7048e-02
-5.2215e-02
4.9457e-03
7.6893e-02
3.4215e-02
-3.5399e-02
-1.0076e-01
-2.3921e-02
-1.3346e-02
8.8039e-02
-3.8052e-02
1.4087e-02
2.5769e-02
3.0901e-02
-2.1328e-02
2.7914e-02
5.7348e-02
-7.7307e-02
-4.0376e-02
8.4472e-02
-6.7428e-02
5.4777e-02
5.4492e-02
-5.1888e-02
-8.1946e-02
-7.5536e-02
-9.2212e-02
-2.0898e-02
7.9724e-02
6.3069e-02
8.3612e-02
8.4825e-02
1.0162e-01
-1.0875e-02
2.3746e-02
-5.4157e-02
6.6600e-02
-2.2339e-02
1.6351e-02
-6.4997e-02
9.2388e-02
2.3002e-02
6.7192e-02
6.0764e-02
-7.8982e-02
3.3192e-02
4.4059e-02
1.0964e-01
-3.4332e-02
1.1198e-01
-2.8493e-02
5.1797e-02
-5.4400e-02
-4.9585e-02
9.1975e-02
-7.9382e-02
-8.8955e-02
8.9990e-02
-8.0417e-02
-1.4415e-02
1.1707e-01
2.8453e-02
9.1148e-02
6.4610e-02
-2.9181e-02
-6.2221e-02
-2.0029e-02
-2.9003e-02
-9.1696e-02
2.9483e-02
5.5689e-02
-8.9748e-02
3.0639e-02
-5.5683e-02
-6.8232e-02
5.5629e-03
-1.0809e-01
-3.2347e-02
-3.3572e-02
8.5738e-02
-5.5318e-02
8.0653e-02
-8.5612e-02
8.4046e-02
-5.8788e-02
6.6140e-02
-8.1497e-02
-5.7758e-03
5.0474e-02
4.3588e-02
-2.6157e-02
-8.6024e-02
2.0931e-02
6.4303e-02
-1.3629e-02
2.7457e-02
9.2609e-02
2.2750e-02
-8.8895e-02
-9.3991e-02
5.3215e-02
-7.7068e-02
5.4218e-02
-7.4135e-02
-3.1712e-02
8.6732e-02
-7.4532e-02
-4.6866e-02
1.3192e-02
4.9095e-02
-2.2009e-02
2.6280e-02
-9.0666e-02
2.5083e-02
-9.1603e-03
7.5666e-02
3.0494e-02
4.6088e-02
-5.8984e-02
-7.6610e-02
-8.6493e-02
-9.1655e-02
6.7776e-02
-9.9678e-02
5.8486e-02
-9.0436e-02
5.2027e-02
9.2247e-02
8.3126e-03
7.7556e-04
5.3899e-02
-3.9830e-02
-2.0169e-02
5.8179e-02
-9.9244e-02
5.2020e-02
-6.4997e-02
7.7333e-02
-3.2301e-02
-4.5129e-02
5.2349e-02
1.6770e-02
-1.0081e-02
-9.3270e-02
7.1102e-02
-4.1709e-02
-8.2751e-02
-7.4519e-02
-8.4743e-02
-8.2514e-02
-2.1649e-02
-7.0692e-02
3.3720e-03
-1.6388e-03
9.0996e-02
8.8074e-03
-6.9882e-02
6.6166e-02
-3.4980e-02
1.2551e-02
2.4944e-02
6.6213e-02
-6.5216e-02
-1.4152e-02
4.9897e-02
-7.2898e-02
8.9629e-02
2.9854e-02
-5.4365e-02
-1.4255e-02
4.8376e-02
-6.2948e-02
5.3338e-02
-3.9803e-02
-4.3687e-05
6.6927e-02
-6.2084e-03
4.1122e-02
1.8035e-02
6.9743e-02
6.8227e-02
-1.7768e-02
-5.3551e-02
-3.8585e-02
-7.1958e-02
-9.2600e-02
-3.0348e-02
2.9977e-02
-3.2164e-02
-9.3235e-02
-2.1343e-02
5.5223e-02
-4.2153e-02
9.2433e-02
1.2126e-02
8.3739e-02
3.6488e-02
3.0134e-02
1.3297e-02
5.5788e-02
1.7452e-02
-9.6248e-02
9.3089e-02
1.0051e-01
1.0305e-01
5.3549e-02
8.8441e-02
6.2473e-02
-1.3112e-02
9.4712e-03
-3.1749e-02
-4.1882e-02
8.1704e-02
7.4808e-02
9.6171e-02
8.6440e-02
-7.5423e-02
-5.2617e-02
8.2851e-03
5.6919e-02
-1.3119e-02
-1.6105e-02
-7.6633e-02
-2.7302e-02
2.8767e-02
6.6019e-02
-6.5652e-02
-1.5948e-02
-2.2755e-02
6.1616e-03
-2.7300e-02
7.2908e-02
6.1952e-02
-5.0774e-02
8.0685e-02
-3.6406e-02
8.3707e-02
-5.4462e-02
4.7959e-02
3.2398e-02
-8.3116e-02
-8.9119e-02
7.3815e-02
2.9751e-02
1.4456e-02
2.3653e-02
7.3408e-02
3.0734e-02
-2.1147e-02
9.0929e-02
-7.1538e-03
-8.0422e-03
-1.4527e-02
-7.3323e-03
6.6552e-02
-9.4380e-02
8.4678e-02
6.4462e-02
-1.6497e-03
-8.8006e-02
3.3255e-02
7.4332e-02
-8.2987e-02
6.5881e-02
-7.8673e-03
1.2512e-02
-9.6607e-04
3.6054e-03
7.1639e-02
1.7118e-02
-9.4657e-02
-9.0061e-02
-8.6992e-02
6.0349e-02
-8.5799e-02
1.6271e-02
-1.3381e-02
-1.8924e-02
8.4765e-02
-2.5929e-02
4.9148e-02
-8.0457e-02
-3.0902e-02
-9.0865e-02
9.6094e-02
-9.1439e-03
-1.8059e-02
4.4477e-02
7.1182e-03
-2.3775e-02
-4.6396e-02
8.4349e-02
-5.2591e-02
5.8768e-02
-6.1874e-04
-1.2496e-02
-4.5181e-02
-7.2265e-02
-3.3830e-02
-1.7565e-02
8.7665e-02
-9.2763e-02
3.7958e-02
5.0967e-02
2.7747e-02
-8.0628e-02
-9.2746e-03
1.3327e-02
-8.4703e-02
5.5446e-02
2.3471e-02
5.8265e-02
4.4293e-02
3.5363e-02
-9.7882e-02
3.0685e-02
-1.4703e-02
-5.0481e-02
6.6936e-02
3.1682e-02
4.8788e-03
-8.8477e-02
-3.4492e-02
9.1167e-02
-6.1830e-02
-6.6303e-02
-7.1953e-02
1.5877e-02
3.7722e-02
-9.2199e-02
-7.7153e-02
4.0269e-02
-3.6105e-02
1.1236e-02
-5.2834e-02
-6.2601e-02
-7.8105e-02
8.1946e-02
-2.0247e-02
7.9024e-03
5.7691e-02
-4.4959e-02
3.8216e-03
-9.4095e-02
-5.4346e-03
-5.7956e-02
-2.4288e-02
6.7869e-02
-3.5289e-02
-4.7978e-02
3.7302e-02
5.2043e-02
-9.9935e-02
-9.3057e-02
-7.7463e-02
-1.0338e-02
7.8423e-03
2.3810e-02
-5.9925e-03
-8.7203e-02
9.3816e-02
-7.1387e-02
5.5364e-02
-8.8816e-02
-8.9012e-03
-2.5948e-02
-1.9049e-02
3.5830e-02
-5.1112e-02
3.1879e-02
2.0166e-02
7.7566e-02
5.6901e-02
4.6369e-02
-5.4344e-02
-7.4702e-02
-5.8846e-02
4.8478e-02
-4.2659e-02
-4.3091e-02
-8.0381e-02
-5.8901e-02
1.0237e-02
-9.0704e-02
-1.7479e-02
-6.4335e-03
-6.4835e-02
-1.5789e-02
-1.0913e-02
7.0833e-03
-2.8100e-02
6.1455e-02
-7.1564e-02
-4.3687e-02
1.7757e-02
-5.6700e-02
6.5990e-02
-2.7132e-02
4.6090e-02
3.4720e-02
2.3262e-02
4.7930e-03
-6.2676e-02
-4.6018e-02
-9.0940e-02
1.5377e-02
8.8923e-02
2.9915e-02
-1.2246e-02
4.6593e-02
-8.3314e-02
1.1806e-02
-2.0535e-03
-3.6369e-02
-4.1450e-02
6.7726e-02
7.9296e-02
-5.6038e-03
-4.6622e-02
-5.1816e-02
7.6463e-02
-9.6953e-02
-1.3913e-02
-7.8982e-02
-5.7770e-02
-8.4960e-02
1.5012e-02
-2.2435e-03
7.0233e-02
-8.1253e-02
-4.7282e-02
-5.4915e-02
-5.2936e-02
5.6714e-02
9.6936e-02
-1.1327e-02
9.6231e-02
4.5856e-02
9.6349e-02
-2.2361e-02
-9.8940e-02
-6.0129e-02
-1.6713e-02
8.2342e-02
7.8136e-02
4.1343e-02
2.2537e-03
-1.0428e-01
-7.8119e-02
8.5555e-02
-8.2194e-02
7.1279e-02
-2.0458e-02
9.0821e-02
4.3401e-02
-8.5865e-02
8.4134e-02
-8.8346e-02
6.1591e-02
5.4168e-02
-7.8005e-02
-1.0923e-01
-1.1819e-02
-8.5922e-02
-6.3154e-02
6.7763e-02
1.6284e-02
6.7340e-02
2.9511e-02
-5.7750e-02
4.0070e-02
9.3109e-02
2.6836e-02
-1.5130e-02
8.0270e-02
7.3390e-02
2.8426e-03
-8.2503e-02
-3.2487e-02
-4.0064e-02
-1.7611e-02
-3.9592e-03
-8.4620e-02
-5.5057e-04
-7.4438e-02
-7.4412e-02
-2.5588e-02
7.1309e-02
4.0813e-02
2.8321e-02
3.0386e-02
1.2303e-03
8.0347e-02
-7.7211e-02
7.1503e-02
6.4175e-02
3.6706e-02
-9.1965e-02
2.6956e-02
-6.2447e-03
9.1027e-02
-1.3853e-02
-8.8997e-02
-3.3641e-02
-2.0504e-02
-6.1994e-02
9.4732e-02
-7.1125e-02
-4.7861e-02
-9.7100e-02
7.5487e-02
6.7422e-02
1.0367e-02
1.0147e-01
-6.8504e-03
1.9174e-02
-1.8456e-02
-4.5986e-03
1.3009e-02
-6.9018e-02
1.9286e-02
-5.5379e-02
-2.0052e-02
-6.9249e-03
9.6539e-02
7.1251e-02
8.7029e-02
-9.0305e-02
8.2138e-03
5.0007e-02
-2.2531e-02
1.8444e-03
4.0287e-02
7.6038e-02
1.6977e-02
1.0427e-01
5.5714e-02
-2.7025e-02
-1.3344e-02
-2.2152e-02
9.6240e-02
-1.5381e-02
8.1254e-02
1.0009e-01
2.2644e-02
-7.0317e-02
1.9538e-04
-3.0061e-02
9.7149e-02
-3.2535e-02
-4.0360e-02
6.3580e-02
-9.1666e-02
-4.2864e-02
8.7331e-02
-8.9544e-02
-7.0081e-03
3.1448e-02
-5.2094e-02
8.2095e-02
9.3261e-02
-2.8253e-02
-2.7707e-02
-8.1333e-02
-6.9903e-02
3.6168e-02
5.6099e-02
6.9296e-02
-7.0226e-02
1.7935e-02
-6.7939e-02
-5.0005e-02
5.5739e-02
-2.7238e-02
1.4681e-01
2.3328e-01
-2.8361e-03
-1.0471e-01
-1.4351e-01
-1.5396e-01
4.8632e-02
-1.9458e-01
6.9839e-02
-1.6716e-02
-1.0962e-01
7.1879e-02
2.7074e-01
-7.4525e-02
-1.9589e-01
9.7327e-02
-1.1329e-02
1.1570e-01